7
standard -1.5708  0.0000  0.0000  0.3460 revolute active 0.0 -2.6179 2.6179 260 8.3936  0.0004  0.1327  0.0006 0.0593  0.0920  0.0952  -0.0028 -0.0294  0.9996 -0.0778 -0.9965 -0.0295  0.9970 -0.0779  0.0006 
standard  1.5708  0.0000  0.0000  0.0000 revolute active 0.0 -1.9634 1.9634 260 4.8487 -0.0002 -0.0214  0.0134 0.0201  0.0235  0.0293  -0.0105  0.8944  0.4472 -0.0165 -0.4473  0.8942  0.9998  0.0020  0.0194 
standard -1.5708  0.0450  0.0000  0.5500 revolute active 0.0 -2.7488 2.7488 260 1.7251 -0.0387  0.2179  0.0000 0.0031  0.0568  0.0568   0.0433 -0.9991  0.0003  0.9855  0.0427  0.1641 -0.1639 -0.0068  0.9864 
standard  1.5708 -0.0450  0.0000  0.0000 revolute active 0.0 -0.8726 3.1000 260 2.0824  0.0062  0.0000  0.1111 0.0026  0.0100  0.0103  -0.1829  0.0035  0.9831  0.0603  0.9982  0.0076 -0.9813  0.0606 -0.1828 
standard -1.5708  0.0000  0.0000  0.3000 revolute active 0.0 -3.0543 3.0543 230 0.3067  0.0000  0.0283  0.0002 0.0002  0.0003  0.0004  -0.0004  0.9999 -0.0139  1.0000  0.0004 -0.0003 -0.0003 -0.0139 -0.9999 
standard  1.5708  0.0000  0.0000  0.0000 revolute active 0.0 -1.5707 1.5707 230 0.4278  0.0000 -0.0148  0.0256 0.0003  0.0005  0.0006  -0.0004 -0.9712  0.2384  0.0020 -0.2384 -0.9712  1.0000  0.0001  0.0021 
standard  0.0000  0.0000  0.0000  0.0620 revolute active 0.0 -3.0019 3.0019 230 0.0557  0.0000  0.0000 -0.2847 0.00002 0.00002 0.00004  1.0000 -0.0004  0.0000  0.0004  1.0000  0.0002  0.0000 -0.0002  1.0000 
 std/mod   alpha     A    theta    D     rev/pris ac/pa  off  jmin    jmax  tm  m        cx      cy      cz     Ixx     Iyy     Izz     x1       x2      x3      y1      y2      y3      z1      z2      z3     fn